mapr-flume:1.5.0.201503251652::5.x:ubuntu
mapr-flume:1.6.0.201509301714:5.x:ubuntu
